image_width: 720
image_height: 1280
camera_name: head_camera
camera_matrix:
  rows: 3
  cols: 3
  data: [1089.53, 0, 667.212, 0, 1102.449, 369.42, 0, 0, 1]
distortion_model: plumb_bob
distortion_coefficients:
  rows: 1
  cols: 5
  data: [0.047, -0.0503, 0.0078, 0.0078, 0]
rectification_matrix:
  rows: 3
  cols: 3
  data: [1, 0, 0, 0, 1, 0, 0, 0, 1]
projection_matrix:
  rows: 3
  cols: 4
  data: [1103.644, 0.0, 675.955, 0.0, 0.0, 1121.708, 373.58, 0, 0, 0, 1, 0]
